1600
1600
1600
1600
1600
1600
1600
1600
1600
1600
1600
1600
1920
1920
1920
1920
1920
1920
1920
1920
1920
1920
1920
1920
1920
1920
1920
1920
1920
1920
1920
1920
1760
1760
1760
1760
1760
1760
1760
1760
1760
1760
1760
1760
1760
1760
1760
1760
1600
1600
1600
1600
1280
1280
960
960
960
1120
1120
1120
960
960
960
960
960
960
960
960
960
960
960
960
960
960
960
960
960
960
960
960
960
960
960
960
960
960
960
960
960
960
1280
1280
1280
1440
1440
1440
1440
1440
1440
1440
1440
1440
1440
1440
1440
1440
1440
1440
1440
960
960
960
960
960
960
960
960
960
640
640
640
640
640
640
640
640
640
640
640
640
640
640
640
640
640
640
640
640
720
720
720
720
720
720
720
720
720
720
720
720
720
720
720
720
720
720
720
720
720
720
720
720
720
720
720
720
720
720
720
720
720
960
960
960
1280
1280
1280
1280
1280
1280
1280
1280
1280
1280
1280
1280
1280
1280
1280
1280
1280
1120
1120
960
960
960
960
960
960
960
960
960
960
960
960
960
960
960
960
960
960