1.0192931915752124
1.362150242108617
1.2414301614390777
3.118681179079181
6.661223535232665
10.551019612693887
12.257807813626666
10.850580586935832
10.385918514145661
12.347326662731096
11.315750602491905
10.456103885625913
9.728710509816226
9.105230473407925
8.56488110852073
8.092075414244436
7.674893919294764
7.304065923783944
7.1170182097834
6.9486766307169985
7.1861776353824425
7.431288298769132
7.789375489096121
7.4018532775011465
6.410283129513816
5.8789354356937515
6.003816102857672
7.453816602852672
7.819200551388377
7.417250784128053
8.867251284123054
8.914058942014664
8.925405285643992
8.929754138983247
9.588107605307545
9.717465149542756
9.891158799259694
10.091266787877682
9.994293042739187
10.275528334320553
10.549548475809706
11.103036896483985
12.100939733635675
12.403920018807977
12.522718820037287
13.05406651385735
13.304258995732264
11.854258495737263
11.634143998357917
10.586093265623239
9.136092765628243
9.089285107736632
10.527939264102304
11.97359091075805
12.765237944428751
14.085880900188542
14.10678795794195
14.814950111305773
16.22441588855559
17.255671265551456
18.193185459818096
18.80933601112502
17.453345983646344
17.15036569847404
17.03156689724473
15.58156639724973
14.131565897254731
14.131565897254735
13.702864849512164
13.702864849512164
13.702864849512164
13.702864849512167
12.252864349517166
10.802863849522167
9.352863349527167
7.902862849532168
7.708262142061824
6.799992000080005
5.3499915000849985
3.8999910000899987
2.449990500094999
1.007708164256339
1.0082924121379402
1.0082924121379402
1.0082924121379402
1.0082924121379402
1.0082924121379402
1.0082924121379402
1.0082924121379402
1.0082924121379402
1.0082924121379402
1.0082924121379402
1.0082924121379402
1.0082924121379402
1.025257139502982
1.0338294105023298
1.0392912748201037
1.0392912748201037
1.0392912748201035
1.0392912748201035
1.0392912748201035
1.0315731106637633
1.0457877524220853
1.060849446630597
1.1847725922499914
1.1890630290749322
1.2852639997921138
1.3901744828265405
1.9026607885548983
1.9026607885548983
3.3526612885498985
3.3526612885498985
4.802661788544898
4.957748876093164
4.940784148728122
4.932211877728774
5.2795358413656315
6.456606036522087
6.823268478855255
6.8232684788552564
6.848291853147032
6.974101171176564
8.034319591998377
8.206146121462808
8.082222975843413
8.077932539018473
7.981731568301294
7.876821085266867
7.689461419211997
7.689461419211999
6.239460919216996
6.239460919216997
5.007325751807928
5.105817873986025
5.105817873986024
5.698644289751359
6.334187906989337
6.607118211827881
6.353541384747851
6.546240691864098
6.846279681176438
8.170470863141906
8.545454052675169
8.964820183866204
10.414820683861203
11.864821183856204
11.903118948071706
11.903118948071706
11.577992308398219
11.577992308398219
11.577992308398219
11.57799230839822
11.360126975812289
11.106547766085928
11.106547766085928
10.513721350320596
9.525391905127988
8.075391405132988
7.962305789879851
7.769606482763605
7.44454411915949
5.994543619164479
4.544543119169479
3.9382887643055007
2.4882882643105004
1.0382877643155002
0.9999900000999988
1.0735295652865124
1.2110389154569556
2.3710228962068896
2.3710228962068896
2.3710228962068896
2.3710228962068896
2.7218905650724095
3.5389956649074628
3.5389956649074628
4.988996164902463
6.438996664897462
6.438996664897464
7.888763170300949
9.338763670295949
10.78876417029095
10.78876417029095
10.78876417029095
10.78876417029095
10.788764170290952
10.788764170290952
10.715224605104439
10.577715254933997
9.417731274184064
9.417731274184064
9.417731274184066
9.417731274184067
9.066863605318547
8.249758505483495
8.249758505483495
6.79975800548849
5.349757505493485
5.349757505493485
3.8999910000899987
2.449990500094999
0.9999900000999988
0.9999900000999988
0.9999900000999988
0.9999900000999988
0.9999900000999988
