1.0192931915752124
1.362150242108617
1.2414301614390777
3.118681179079181
6.661223535232665
12.457364896917621
16.616070842233885
16.616070842233885
16.199708382198843
18.033429790229526
12.233427790249525
7.9337183864248555
7.9337183864248555
6.799992000079999
0.9999900000999989
0.9999900000999989
0.9999900000999989
0.9999900000999989
1.5500238716347203
2.100063197305794
3.053927854262616
4.1753739663177845
5.607722727625739
5.0576888560910165
4.507649530419943
7.228396098162866
10.90618205858805
15.273835297260097
17.869097477747765
22.061300408686478
24.186691183966733
19.574689743052822
13.82007311759013
11.242206350459481
9.683417284817969
4.400845461778802
4.908389429080115
5.6634360090347595
5.808179486658479
4.849746113357822
6.382261159330421
9.022886355214954
13.646414510657706
14.696196760366181
13.496411473286889
17.246468250353455
19.711070455581172
14.28711034566646
14.789993395947528
14.314798191030283
8.514796191050282
2.7147941910702813
8.514796191050282
12.599994000059999
18.399996000039998
24.19999800002
24.978400829901382
22.811479397848636
22.811479397848636
22.811479397848636
22.811479397848636
27.833078567947258
24.19999800002
18.399996000039998
12.599994000059999
6.799992000079999
0.9999900000999989
0.9999900000999989
0.9999900000999989
0.9999900000999989
0.9999900000999989
0.9999900000999989
0.9999900000999989
0.9999900000999989
0.9999900000999989
0.9999900000999989
0.9999900000999989
0.9999900000999989
0.9999900000999989
0.9999900000999989
0.9999900000999989
1.03086265672536
1.033199648251765
1.033199648251765
1.0331996482517647
1.0331996482517647
1.0023269916264037
0.9999900000999989
0.9999900000999989
0.9999900000999989
0.9999900000999989
0.9999900000999989
0.9999900000999989
0.9999900000999989
1.0678489095601655
1.1021379935575568
1.1239854508286524
1.1239854508286524
1.1239854508286524
1.0561265413684857
1.0218374573710944
0.9999900000999989
1.0591855586596919
1.1194323354937397
1.615124917971317
1.6322866652710801
2.0170905481398056
2.3775369217178186
4.3672353677972024
3.8715427853196247
9.654383037999862
9.269579155131137
14.649939222973433
13.220342350253059
13.220342350253059
7.42034035027306
8.831483662091587
7.73976244273741
8.586063861877017
8.586063861877017
8.68615735904412
7.778251319343719
7.370039780564847
6.650942905923955
6.650942905923955
6.550849408756852
6.047612136638726
1.7475428947917764
2.300496558793955
2.3004965587939545
2.3004965587939545
2.3004965587939545
3.1719578891376807
2.885768169349171
2.885768169349171
5.2570738324105095
9.210391613180946
14.138932282817219
13.576957904924324
14.34775513338931
13.276698924744434
15.123383143953998
15.123383143953998
17.096058102397365
22.125262873912384
26.625015419475915
20.97820447635792
15.178202476377919
12.753185056922005
6.953183056942005
1.153181056962005
0.9999900000999989
0.9999900000999989
0.9999900000999989
0.9999900000999989
0.9999900000999989
0.9999900000999989
0.9999900000999989
0.9999900000999989
0.9999900000999989
0.9999900000999989
0.9999900000999989
0.9999900000999989
0.9999900000999989
0.9999900000999989
0.9999900000999989
0.9999900000999989
1.2941482608460537
1.844185661527827
6.484121584527562
6.484121584527564
6.484121584527562
6.189963323781508
7.043396598561815
5.6718810749022905
5.6718810749022905
11.47188307488229
17.27188507486229
15.868414399400212
18.399060021673943
24.199062021653944
24.199062021653944
18.399060021673943
18.399060021673943
12.599994000059999
6.799992000079999
0.9999900000999989
0.9999900000999989
0.9999900000999989
0.9999900000999989
0.9999900000999989
0.9999900000999989
0.9999900000999989
0.9999900000999989
0.9999900000999989
0.9999900000999989
0.9999900000999989
0.9999900000999989
0.9999900000999989
0.9999900000999989
0.9999900000999989
0.9999900000999989
0.9999900000999989
0.9999900000999989
0.9999900000999989
0.9999900000999989
1.110040493122817
1.231991540425093
1.231991540425093
1.2319915404250927
