1.0192931915752124
1.362150242108617
1.2414301614390777
3.118681179079181
6.661223535232665
10.551019612693887
12.257807813626666
10.850580586935832
10.385918514145661
12.347326662731096
12.345396343583573
12.274894614329371
12.274894614329371
11.499850191139421
9.516709895164762
6.616708895174762
4.466854193262427
4.466854193262427
4.1750079358573595
1.5500265987028965
2.0269589271813073
2.587681983208892
3.303856363862869
3.303856363862869
3.303856363862869
5.141161976212741
7.540778012452918
10.440779012442919
11.463393166919392
13.28447496955321
15.707543641064799
15.240435900820435
14.546954207425117
14.555651914103626
15.872358846752224
14.293768322872769
12.241539586066468
9.741754563312444
8.52519291855898
7.2665816990878955
5.391553310554611
6.965637892147534
9.654925259846234
10.25218812351233
9.173078793322356
11.814364704841939
14.366978405398061
13.966762428162085
14.743095078156855
13.905604832158588
12.88063222070187
11.212932323325727
11.400953268358371
13.694993698003765
16.35739709553514
16.35739709553514
13.84659751048583
15.66313779444946
17.70573669895432
20.605737698944317
23.505738698934316
26.40573969892432
23.50573869893432
20.60573769894432
17.705736698954322
14.805735698964323
14.416534284023635
12.599994000059999
9.699993000069998
6.799992000079999
3.8999910000899987
0.9999900000999988
0.9999900000999988
0.9999900000999988
0.9999900000999988
0.9999900000999988
0.9999900000999988
0.9999900000999988
0.9999900000999988
0.9999900000999988
0.9999900000999988
1.0154263284126794
1.0165948241758818
1.0165948241758818
1.0165948241758818
1.0165948241758818
1.0165948241758818
1.0165948241758818
1.0165948241758818
1.0165948241758818
1.0165948241758818
1.0011584958632012
0.9999900000999988
0.9999900000999988
1.033919454830082
1.0510639968287776
1.0619877254643255
1.0619877254643257
1.0619877254643257
1.0619877254643257
1.0619877254643257
1.0619877254643257
1.091585504744172
1.1217088931611958
1.3356257296699012
1.327062061321087
1.5085402741199023
1.7183612401887551
2.7433338516454713
2.7433338516454713
5.643334851635471
5.643334851635471
8.513738072345625
8.793788859025131
8.545942567786343
8.537361694136461
9.050531408611363
11.194850832855419
10.903203106065037
10.903203106065039
8.05324885465859
8.304867490717651
7.554901111651128
7.618503383900486
7.618503383900484
7.618503383900486
6.912931727991223
4.558791337678311
4.4757197323589555
4.4757197323589555
4.425672983775404
4.17405434771634
2.4597503919647283
2.593132364071563
2.5931323640715624
3.7787851956022314
5.755444085987449
8.65544508597745
8.231363037136749
8.616761651369242
9.266886378577473
12.166887378567473
14.63115771338561
15.336508003660844
18.236509003650845
19.950857172110176
18.050793810155962
15.150792810165964
14.92462157965969
14.539222965427196
13.889098238218967
10.98909723822896
8.089096238238959
6.876587528511003
3.976586528521002
1.0765855285310018
0.9999900000999988
0.9999900000999988
0.9999900000999988
0.9999900000999988
0.9999900000999988
0.9999900000999988
0.9999900000999988
0.9999900000999988
0.9999900000999988
0.9999900000999988
0.9999900000999988
1.1470691304730263
1.4220878308139127
3.7420557923137805
3.7420557923137805
3.7420557923137805
3.7420557923137805
4.44379113004482
6.078001329714927
6.078001329714927
8.978002329704927
11.7309241993219
11.455905498981014
12.035470548288117
14.935471548278116
17.83547254826812
17.835472548268122
17.13373721053708
15.499527010866975
15.499527010866979
12.599526010876971
9.69952501088697
9.69952501088697
6.799992000079999
3.8999910000899987
0.9999900000999988
0.9999900000999988
0.9999900000999988
0.9999900000999988
0.9999900000999988
0.9999900000999988
0.9999900000999988
0.9999900000999988
0.9999900000999988
0.9999900000999988
0.9999900000999988
0.9999900000999988
0.9999900000999988
0.9999900000999988
0.9999900000999988
1.0550152466114078
