1.0192931915752124
1.7050072926420217
0.9999900000999989
8.75043423199949
20.8313929598466
30.0
22.49853701922334
0.9999900000999989
6.668621931824286
30.0
0.9999900000999989
0.9999900000999989
0.9999900000999989
0.9999900000999989
0.9999900000999989
0.9999900000999989
0.9999900000999989
0.9999900000999989
3.750159357773606
3.7501866284553675
5.7693132848841095
6.607220560375842
8.161733806639768
0.9999900000999989
0.9999900000999989
19.373046123598723
24.996150362501762
30.0
13.976300902538352
21.961004654793538
30.0
1.9361431579322044
1.2269168726865542
1.0869670668851066
14.167059326585976
3.587140884804169
4.473862994438767
5.0021497724597825
1.810684455003697
9.374892460082696
11.249716114667159
17.67698897386143
28.119790549673557
7.059595703546064
3.375966024686234
30.0
30.0
0.9999900000999989
9.574010954951412
0.9999900000999989
0.9999900000999989
0.9999900000999989
30.0
30.0
30.0
30.0
4.892004149506908
19.165392839736285
30.0
30.0
30.0
30.0
0.9999900000999989
0.9999900000999989
0.9999900000999989
0.9999900000999989
0.9999900000999989
0.9999900000999989
0.9999900000999989
0.9999900000999989
0.9999900000999989
0.9999900000999989
0.9999900000999989
0.9999900000999989
0.9999900000999989
0.9999900000999989
0.9999900000999989
0.9999900000999989
0.9999900000999989
0.9999900000999989
0.9999900000999989
1.1543532832268042
1.0116749577320232
0.9999900000999989
0.9999900000999989
0.9999900000999989
0.9999900000999989
0.9999900000999989
0.9999900000999989
0.9999900000999989
0.9999900000999989
0.9999900000999989
0.9999900000999989
0.9999900000999989
1.3392845474008324
1.171435420086955
1.1092272864554769
0.9999900000999989
0.9999900000999989
0.9999900000999989
0.9999900000999989
0.9999900000999989
1.295967792898464
1.3012238842702366
3.478452912487887
1.085798736598813
2.9240094144436273
3.098199660788527
11.249716114667159
0.9999900000999989
30.0
0.9999900000999989
30.0
4.101731751065302
0.9999900000999989
0.9999900000999989
8.055706559192636
24.54139390322911
8.333238846763338
0.9999900000999989
1.5004574859355153
3.5161763606906287
22.500336209334748
4.737754473558887
0.9999900000999989
0.9999900000999989
0.9999900000999989
0.9999900000999989
7.502522793569778
0.9999900000999989
0.9999900000999989
0.9999900000999989
5.357296651818629
6.071574194627229
0.9999900000999989
12.85651831540669
20.766578903952176
30.0
3.261702305162758
4.853976142424921
7.501237272182316
30.0
30.0
13.125077097379583
30.0
30.0
1.7659452844100294
0.9999900000999989
0.9999900000999989
0.9999900000999989
0.9999900000999989
0.9999900000999989
0.9999900000999989
0.9999900000999989
0.9999900000999989
0.9999900000999989
0.9999900000999989
0.9999900000999989
0.9999900000999989
0.9999900000999989
0.9999900000999989
0.9999900000999989
0.9999900000999989
0.9999900000999989
0.9999900000999989
0.9999900000999989
0.9999900000999989
2.470781303830273
3.750177003508864
24.19966961509868
0.9999900000999989
0.9999900000999989
0.9999900000999989
8.017343377410393
17.342091996801063
0.9999900000999989
30.0
30.0
0.9999900000999989
29.995320108169718
30.0
30.0
0.9999900000999989
0.9999900000999989
0.9999900000999989
0.9999900000999989
0.9999900000999989
0.9999900000999989
0.9999900000999989
0.9999900000999989
0.9999900000999989
0.9999900000999989
0.9999900000999989
0.9999900000999989
0.9999900000999989
0.9999900000999989
0.9999900000999989
0.9999900000999989
0.9999900000999989
0.9999900000999989
0.9999900000999989
0.9999900000999989
0.9999900000999989
0.9999900000999989
0.9999900000999989
0.9999900000999989
